
# Em separado
resI = 20175
resF = 1873.686157
CalcInt: 25 segs,  CalcFloat: 25 segs, Tempo_Total: 50 segs

# Em conjunto, grupos de 10
resI = 20175, resF=1873.686157
Tempo: 42 segs

# Em conjunto, grupos de 1
res2 = 20175, 1873.686157
Tempo: 26 segs
