
# Em separado
resI = 2766703
resF = 7.879980
CalcInt: 0 segs,  CalcFloat: 0 segs, Tempo_Total: 0 segs

# Em conjunto, grupos de 10
resI = 2766703, resF=7.879980
Tempo: 0 segs

# Em conjunto, grupos de 1
res2 = 2766703, 7.879980
Tempo: 0 segs
